176 75 1
119 121 1
19 145 1
203 80 1
204 191 1
189 108 1
39 4 1
79 177 1
83 49 1
189 206 1
96 76 1
203 5 1
198 165 1
158 7 1
154 103 1
115 69 1
98 165 1
152 85 1
192 153 1
39 204 1
218 143 1
93 230 1
90 200 1
17 77 1
1 86 1
49 221 1
72 140 1
162 100 1
112 114 1
162 93 1
227 195 1
165 100 1
75 120 1
9 113 1
91 233 1
225 169 1
9 225 1
228 193 1
222 213 1
154 238 1
147 81 1
6 67 1
54 134 1
237 198 1
3 52 1
213 77 1
230 185 1
217 22 1
218 232 1
154 210 1
190 144 1
225 7 1
101 119 1
211 86 1
152 209 1
117 138 1
199 164 1
186 145 1
189 97 1
46 181 1
123 51 1
110 39 1
19 147 1
178 64 1
8 205 1
214 230 1
58 184 1
48 2 1
96 239 1
205 174 1
163 150 1
45 33 1
175 74 1
118 66 1
239 71 1
73 120 1
186 213 1
86 138 1
34 186 1
227 194 1
180 146 1
78 186 1
235 126 1
80 14 1
115 183 1
49 190 1
131 111 1
17 212 1
5 77 1
104 184 1
28 111 1
65 177 1
132 94 1
44 85 1
97 149 1
208 150 1
11 11 1
233 16 1
72 99 1
38 48 1
494 103 2
451 55 2
282 122 2
488 74 2
455 113 2
392 196 2
341 42 2
425 69 2
341 140 2
313 140 2
342 235 2
416 205 2
474 139 2
438 120 2
377 1 2
400 146 2
299 55 2
450 165 2
420 9 2
414 10 2
366 209 2
389 224 2
277 11 2
328 208 2
345 164 2
434 171 2
305 137 2
465 239 2
446 225 2
340 123 2
443 107 2
456 194 2
473 226 2
417 26 2
352 0 2
408 72 2
486 43 2
294 112 2
365 172 2
448 203 2
330 210 2
294 193 2
326 208 2
360 141 2
349 190 2
478 175 2
428 31 2
326 238 2
273 175 2
270 30 2
353 42 2
376 85 2
276 102 2
445 1 2
363 93 2
394 13 2
296 117 2
312 213 2
333 3 2
387 4 2
385 16 2
436 141 2
281 213 2
403 194 2
477 35 2
359 169 2
422 158 2
369 28 2
353 189 2
437 204 2
283 98 2
298 236 2
316 204 2
399 51 2
479 92 2
425 9 2
308 5 2
405 77 2
365 215 2
323 42 2
458 230 2
284 67 2
493 204 2
351 118 2
267 23 2
379 123 2
326 162 2
481 26 2
478 179 2
344 56 2
334 91 2
475 124 2
370 89 2
381 156 2
273 31 2
423 118 2
385 134 2
265 33 2
334 210 2
262 91 2
113 280 3
43 455 3
212 301 3
183 385 3
24 378 3
99 425 3
130 266 3
208 366 3
15 399 3
196 404 3
83 435 3
105 476 3
100 261 3
238 431 3
157 448 3
191 267 3
177 492 3
183 313 3
48 279 3
151 329 3
145 495 3
131 394 3
172 497 3
227 378 3
165 398 3
17 434 3
13 358 3
8 438 3
155 327 3
95 471 3
43 271 3
208 336 3
166 351 3
228 397 3
63 415 3
58 495 3
227 386 3
238 348 3
43 470 3
43 362 3
13 379 3
6 278 3
170 276 3
233 338 3
224 265 3
137 480 3
163 440 3
26 394 3
27 315 3
208 341 3
9 349 3
55 269 3
79 281 3
187 387 3
100 419 3
135 445 3
24 492 3
197 424 3
5 450 3
146 409 3
97 409 3
152 318 3
17 338 3
72 307 3
100 363 3
61 487 3
2 462 3
93 424 3
63 496 3
178 408 3
69 366 3
218 324 3
110 452 3
196 430 3
223 362 3
129 337 3
149 318 3
223 359 3
176 497 3
231 261 3
189 399 3
26 496 3
98 407 3
183 321 3
139 293 3
100 268 3
11 497 3
79 490 3
171 347 3
188 325 3
122 401 3
64 498 3
214 483 3
78 443 3
219 494 3
227 326 3
4 437 3
198 430 3
80 481 3
206 463 3
269 394 4
291 450 4
262 381 4
325 411 4
479 492 4
428 348 4
308 426 4
378 308 4
335 288 4
281 374 4
328 260 4
342 405 4
305 293 4
263 334 4
298 409 4
410 449 4
381 484 4
316 488 4
370 374 4
496 353 4
418 427 4
463 486 4
325 398 4
277 338 4
318 410 4
355 311 4
459 351 4
394 268 4
311 386 4
404 468 4
377 491 4
372 330 4
341 479 4
467 324 4
370 390 4
437 460 4
292 428 4
456 401 4
296 356 4
339 407 4
275 424 4
275 388 4
314 358 4
489 290 4
350 307 4
436 484 4
470 287 4
475 427 4
314 393 4
404 346 4
430 453 4
468 427 4
472 394 4
279 291 4
394 493 4
472 455 4
306 496 4
453 452 4
475 484 4
276 483 4
490 436 4
473 322 4
454 453 4
490 264 4
452 289 4
346 402 4
451 493 4
476 321 4
456 348 4
415 419 4
338 457 4
395 356 4
335 481 4
437 474 4
334 282 4
451 330 4
377 421 4
356 494 4
479 405 4
473 279 4
403 275 4
338 365 4
407 329 4
263 313 4
279 391 4
496 386 4
329 356 4
404 292 4
301 377 4
487 473 4
276 276 4
430 429 4
337 275 4
285 289 4
397 482 4
341 310 4
375 395 4
276 323 4
378 290 4
448 265 4
